 22.505152
 31.006477
 33.441532
 33.718887
 35.558243
 36.225967
 36.478550
 36.574352
 36.953682
 37.930275
 38.161293
 38.986389
 39.003639
 39.339287
 39.362938
 40.183975
 40.714012
 41.030609
 41.276680
 41.489819
 41.593060
 41.593723
 41.623707
 42.214951
 42.539040
 42.994568
 43.061771
 43.551411
 43.829182
 43.976242
 45.924210
 46.003597
 46.902210
 46.961697
 47.142647
 47.511246
 47.809990
 48.122856
 48.267464
 48.376598
 48.708332
 48.745228
 49.002659
 49.139843
 49.223747
 49.486900
 49.619572
 49.842251
 50.153343
 50.743778
 50.967857
 51.259411
 51.611172
 52.277512
 52.456886
 52.732693
 52.818195
 52.970257
 53.726089
 53.787262
 53.851658
 53.919231
 54.141357
 54.984081
 55.036407
 55.071648
 55.530220
 56.197281
 56.203407
 56.225655
 56.438831
 56.469051
 56.785667
 56.854275
 57.304455
 57.341705
 57.526928
 57.808708
 57.964851
 58.211304
 58.461937
 58.523026
 58.565521
 59.830261
 61.559624
 61.874073
 62.160252
 62.459045
 62.471001
 62.798920
 62.825371
 63.567856
 64.161209
 64.729805
 65.473640
 66.748840
 66.969986
 67.247131
 68.696274
 74.754318
