 50.001335
 50.009445
 50.009521
 50.010887
 50.016964
 50.025406
 50.028091
 50.030552
 50.034096
 50.041588
 50.044037
 50.044441
 50.046040
 50.046894
 50.048500
 50.050922
 50.052654
 50.054531
 50.055145
 50.056973
 50.059292
 50.061031
 50.065945
 50.067486
 50.071049
 50.075562
 50.079765
 50.082111
 50.082531
 50.091145
 50.096428
 50.100365
 50.102379
 50.106651
 50.107330
 50.107372
 50.114948
 50.122524
 50.128338
 50.129791
 50.129810
 50.131329
 50.131802
 50.132133
 50.134705
 50.135139
 50.138206
 50.138569
 50.144588
 50.144817
 50.146229
 50.149235
 50.150917
 50.151104
 50.157478
 50.157501
 50.158100
 50.158478
 50.160076
 50.168144
 50.168644
 50.171902
 50.176414
 50.178104
 50.178642
 50.179573
 50.184769
 50.186985
 50.188267
 50.191631
 50.192921
 50.193642
 50.200504
 50.206581
 50.206924
 50.209641
 50.212646
 50.212742
 50.212868
 50.212963
 50.219471
 50.223175
 50.227371
 50.233002
 50.235954
 50.238384
 50.240433
 50.240665
 50.241982
 50.243435
 50.246910
 50.248398
 50.249222
 50.250343
 50.250988
 50.251263
 50.256245
 50.258614
 50.259018
 50.259327
 50.261791
 50.262714
 50.267021
 50.269066
 50.270649
 50.270653
 50.273026
 50.282513
 50.283958
 50.284981
 50.286209
 50.288216
 50.290554
 50.294292
 50.298275
 50.301517
 50.302856
 50.303417
 50.303852
 50.304153
 50.304707
 50.306293
 50.307320
 50.307388
 50.311314
 50.313522
 50.319660
 50.320389
 50.321011
 50.323303
 50.323883
 50.325157
 50.326862
 50.328243
 50.328876
 50.331799
 50.332741
 50.332905
 50.333466
 50.335125
 50.335690
 50.338085
 50.340958
 50.341984
 50.343853
 50.346462
 50.347534
 50.348484
 50.349010
 50.353569
 50.357555
 50.357979
 50.360245
 50.362438
 50.362522
 50.365608
 50.369434
 50.373013
 50.374630
 50.378963
 50.379723
 50.379948
 50.382076
 50.385571
 50.387913
 50.399715
 50.399799
 50.402996
 50.406464
 50.409603
 50.409801
 50.412556
 50.413696
 50.414238
 50.417091
 50.419575
 50.419903
 50.422699
 50.424946
 50.424946
 50.427933
 50.427994
 50.429768
 50.431568
 50.431770
 50.434380
 50.440166
 50.440590
 50.446461
 50.452492
 50.456928
 50.464016
 50.465618
 50.467354
 50.467365
 50.470051
 50.471260
 50.475258
 50.480469
 50.481724
 50.485477
 50.487370
 50.489559
 50.490440
 50.490524
 50.490711
 50.496563
 50.496674
 50.497032
 50.498089
 50.499340
 50.499573
 50.502354
 50.505238
 50.506897
 50.507664
 50.509769
 50.510361
 50.517731
 50.521267
 50.524048
 50.524796
 50.526039
 50.528015
 50.528053
 50.536438
 50.536728
 50.538078
 50.539070
 50.540852
 50.540867
 50.541111
 50.543518
 50.552139
 50.553448
 50.553894
 50.559532
 50.559597
 50.560219
 50.563984
 50.564663
 50.570530
 50.570660
 50.574551
 50.582394
 50.590702
 50.592495
 50.594013
 50.597130
 50.601185
 50.604156
 50.609211
 50.612545
 50.613132
 50.613415
 50.617878
 50.620518
 50.633129
 50.634666
 50.635590
 50.639458
 50.641411
 50.642437
 50.645359
 50.647110
 50.648304
 50.650299
 50.652260
 50.655983
 50.656139
 50.658958
 50.659256
 50.659863
 50.660206
 50.662197
 50.664227
 50.669037
 50.670067
 50.675812
 50.677387
 50.677868
 50.679630
 50.687469
 50.688396
 50.689903
 50.691078
 50.691883
 50.692028
 50.692604
 50.697720
 50.706215
 50.708679
 50.710590
 50.714970
 50.715614
 50.730480
 50.731041
 50.737904
 50.739571
 50.741760
 50.755165
 50.755764
 50.771301
 50.772629
 50.782349
 50.782581
 50.784798
 50.788792
 50.788921
 50.799896
 50.799980
 50.800709
 50.802822
 50.802917
 50.803486
 50.803967
 50.805573
 50.808796
 50.811207
 50.813911
 50.824322
 50.830242
 50.830830
 50.831379
 50.833733
 50.834190
 50.838501
 50.850224
 50.853516
 50.855160
 50.865658
 50.869461
 50.869678
 50.870518
 50.871078
 50.871395
 50.873653
 50.874172
 50.874374
 50.875610
 50.876076
 50.878429
 50.881084
 50.882019
 50.882893
 50.883251
 50.889706
 50.894726
 50.895081
 50.899513
 50.899559
 50.900280
 50.900986
 50.905403
 50.906300
 50.909634
 50.910271
 50.911331
 50.914268
 50.917313
 50.922920
 50.925644
 50.930180
 50.931770
 50.932983
 50.936489
 50.937206
 50.938122
 50.939907
 50.940044
 50.941597
 50.942768
 50.944000
 50.953671
 50.960102
 50.962257
 50.966961
 50.967957
 50.969707
 50.971340
 50.973194
 50.977821
 50.986324
 50.986832
 50.992054
 50.992126
 50.992210
 50.997166
 51.002144
 51.003769
 51.005623
 51.005795
 51.009304
 51.019772
 51.020103
 51.021816
 51.023689
 51.029758
 51.035278
 51.036507
 51.038689
 51.038898
 51.039322
 51.041924
 51.042068
 51.054985
 51.055359
 51.057472
 51.058002
 51.067608
 51.069927
 51.075272
 51.076736
 51.077721
 51.079498
 51.085312
 51.086605
 51.091595
 51.092396
 51.101566
 51.101746
 51.102795
 51.106133
 51.108498
 51.109051
 51.111923
 51.112972
 51.115009
 51.119183
 51.119743
 51.122322
 51.125580
 51.126678
 51.126881
 51.133724
 51.139492
 51.143524
 51.146648
 51.146656
 51.148026
 51.148464
 51.149265
 51.149731
 51.150318
 51.153103
 51.153210
 51.155075
 51.155216
 51.155392
 51.156181
 51.158337
 51.159378
 51.161602
 51.165051
 51.168659
 51.175491
 51.176723
 51.178146
 51.178528
 51.179192
 51.179516
 51.179996
 51.181786
 51.182705
 51.183121
 51.189163
 51.189987
 51.191219
 51.194485
 51.197227
 51.198532
 51.206158
 51.210171
 51.210827
 51.214195
 51.216347
 51.217587
 51.219627
 51.222328
 51.232441
 51.234856
 51.234989
 51.236500
 51.237465
 51.240562
 51.244564
 51.244827
 51.245983
 51.247150
 51.249908
 51.252090
 51.254642
 51.254684
 51.256302
 51.259811
 51.260845
 51.263950
 51.269222
 51.270092
 51.271748
 51.272861
 51.274940
 51.278885
 51.283154
 51.285332
 51.286808
 51.286858
 51.288235
 51.289299
 51.289867
 51.293316
 51.293617
 51.297211
 51.297348
 51.300537
 51.300964
 51.305225
 51.310390
 51.311295
 51.312836
 51.313801
 51.315105
 51.319614
 51.320305
 51.322483
 51.332134
 51.332497
 51.332645
 51.336868
 51.339954
 51.343491
 51.344173
 51.348038
 51.349609
 51.353321
 51.359661
 51.360069
 51.360176
 51.361118
 51.362431
 51.363358
 51.363819
 51.370914
 51.381115
 51.381187
 51.384071
 51.389462
 51.390774
 51.391396
 51.391888
 51.397091
 51.399433
 51.402634
 51.403950
 51.406452
 51.406494
 51.407505
 51.407726
 51.413990
 51.417393
 51.419930
 51.422138
 51.430130
 51.438591
 51.440758
 51.443771
 51.444195
 51.446762
 51.447277
 51.447823
 51.450562
 51.453514
 51.455654
 51.458351
 51.463009
 51.472198
 51.472576
 51.475117
 51.476257
 51.482685
 51.484276
 51.491684
 51.492531
 51.494003
 51.497013
 51.500793
 51.503174
 51.503677
 51.507149
 51.508606
 51.509331
 51.512283
 51.512814
 51.513439
 51.517071
 51.518162
 51.520744
 51.521740
 51.524815
 51.527924
 51.530254
 51.531010
 51.531971
 51.532963
 51.533657
 51.535103
 51.535534
 51.536732
 51.537560
 51.542313
 51.544052
 51.545551
 51.550964
 51.551582
 51.551785
 51.551861
 51.553219
 51.553703
 51.556496
 51.557522
 51.558968
 51.559242
 51.559578
 51.568542
 51.568974
 51.572525
 51.573021
 51.574062
 51.579533
 51.580986
 51.581177
 51.583870
 51.593426
 51.594593
 51.595367
 51.595787
 51.601719
 51.602837
 51.607059
 51.609035
 51.611713
 51.615158
 51.615501
 51.618645
 51.618809
 51.621181
 51.621265
 51.622875
 51.623512
 51.624908
 51.625137
 51.629196
 51.630596
 51.631271
 51.633045
 51.637589
 51.640377
 51.650745
 51.656548
 51.660156
 51.665108
 51.666405
 51.666443
 51.670979
 51.680836
 51.685898
 51.687489
 51.687550
 51.688900
 51.690083
 51.690418
 51.692230
 51.693260
 51.700077
 51.703197
 51.707687
 51.708401
 51.712063
 51.715477
 51.716476
 51.718044
 51.718483
 51.724136
 51.724136
 51.724339
 51.724594
 51.724899
 51.729183
 51.732315
 51.733284
 51.736252
 51.740074
 51.740791
 51.743523
 51.747173
 51.749847
 51.750263
 51.756676
 51.757050
 51.757607
 51.761757
 51.762287
 51.762630
 51.765354
 51.765736
 51.765942
 51.765991
 51.769661
 51.771927
 51.775200
 51.782520
 51.787476
 51.788059
 51.792725
 51.794975
 51.795521
 51.795551
 51.801861
 51.802692
 51.803192
 51.803734
 51.806240
 51.807938
 51.809624
 51.813316
 51.813999
 51.814857
 51.817448
 51.819309
 51.826675
 51.829384
 51.831005
 51.840054
 51.840683
 51.841534
 51.842514
 51.843456
 51.850403
 51.851048
 51.853146
 51.855270
 51.855312
 51.855381
 51.855503
 51.856640
 51.857410
 51.858299
 51.860886
 51.861336
 51.863266
 51.865227
 51.866859
 51.870110
 51.871845
 51.872540
 51.875790
 51.875793
 51.881805
 51.884510
 51.885841
 51.886635
 51.888908
 51.891922
 51.897953
 51.900280
 51.902855
 51.904373
 51.904827
 51.909428
 51.911285
 51.914448
 51.919228
 51.922585
 51.923222
 51.928326
 51.935383
 51.938213
 51.942101
 51.947098
 51.961372
 51.965157
 51.966244
 51.967773
 51.968433
 51.968784
 51.970367
 51.972130
 51.978485
 51.978516
 51.979912
 51.982666
 51.987278
 51.989105
 51.989391
 51.989391
 51.993225
 52.006027
 52.007164
 52.007988
 52.009602
 52.011166
 52.014328
 52.015072
 52.016788
 52.017849
 52.020355
 52.025116
 52.026676
 52.026947
 52.029331
 52.029827
 52.033421
 52.047306
 52.061180
 52.062298
 52.063141
 52.066784
 52.067055
 52.070862
 52.072834
 52.077599
 52.083553
 52.088215
 52.092167
 52.093067
 52.096291
 52.102654
 52.104378
 52.104488
 52.106102
 52.106518
 52.113689
 52.119644
 52.120480
 52.121555
 52.122131
 52.122894
 52.125999
 52.128277
 52.128361
 52.133480
 52.134853
 52.137905
 52.140358
 52.140438
 52.140980
 52.141785
 52.141872
 52.142609
 52.148907
 52.150696
 52.153240
 52.156616
 52.158325
 52.158913
 52.162098
 52.163559
 52.163704
 52.164845
 52.165184
 52.166512
 52.169636
 52.180634
 52.181458
 52.182842
 52.183201
 52.186867
 52.187206
 52.188488
 52.192795
 52.194111
 52.194523
 52.197330
 52.198666
 52.200859
 52.202435
 52.203629
 52.205585
 52.206501
 52.207306
 52.207886
 52.208981
 52.209209
 52.210838
 52.211983
 52.221161
 52.223595
 52.223957
 52.224400
 52.225384
 52.228966
 52.234066
 52.234375
 52.238827
 52.239906
 52.245663
 52.245834
 52.248718
 52.252258
 52.254784
 52.255306
 52.257111
 52.258171
 52.260845
 52.262386
 52.267643
 52.267838
 52.268837
 52.273766
 52.275642
 52.281235
 52.282288
 52.286572
 52.288052
 52.288284
 52.289307
 52.295120
 52.296383
 52.297279
 52.297474
 52.299629
 52.299793
 52.301224
 52.305149
 52.305389
 52.307053
 52.307659
 52.308128
 52.309036
 52.309639
 52.310452
 52.311234
 52.315109
 52.321075
 52.323742
 52.327747
 52.328907
 52.334808
 52.335747
 52.337154
 52.340420
 52.340897
 52.342194
 52.342503
 52.345242
 52.349346
 52.354263
 52.357059
 52.358810
 52.361912
 52.363571
 52.365292
 52.367821
 52.369305
 52.376881
 52.377235
 52.378578
 52.383373
 52.384014
 52.387909
 52.388432
 52.392136
 52.392696
 52.400032
 52.400574
 52.405376
 52.407230
 52.408543
 52.408581
 52.413013
 52.417358
 52.417568
 52.418308
 52.420238
 52.423233
 52.436653
 52.438065
 52.441940
 52.442291
 52.448307
 52.449024
 52.452015
 52.455990
 52.458710
 52.460205
 52.463734
 52.468277
 52.469212
 52.470325
 52.470734
 52.478275
 52.479443
 52.480282
 52.482128
 52.484035
 52.485477
 52.488319
 52.490608
 52.491470
 52.497166
 52.499794
 52.500042
 52.500458
 52.500484
 52.503193
 52.505344
 52.509872
 52.511612
 52.512505
 52.513378
 52.514591
 52.515911
 52.517689
 52.518555
 52.518570
 52.519634
 52.523220
 52.526192
 52.527908
 52.531559
 52.533997
 52.535984
 52.536648
 52.537586
 52.537716
 52.540436
 52.542252
 52.542294
 52.546783
 52.548786
 52.559090
 52.559826
 52.559853
 52.561523
 52.561672
 52.564568
 52.566761
 52.569874
 52.575684
 52.575977
 52.577549
 52.577877
 52.578777
 52.579727
 52.579941
 52.582764
 52.584579
 52.584984
 52.585651
 52.589870
 52.591404
 52.595600
 52.598980
 52.601017
 52.601318
 52.604836
 52.605068
 52.607563
 52.613232
 52.616135
 52.617310
 52.617313
 52.619114
 52.624619
 52.632187
 52.633888
 52.641743
 52.646778
 52.647121
 52.648357
 52.655090
 52.658550
 52.659088
 52.667221
 52.669495
 52.672699
 52.672932
 52.677269
 52.678909
 52.687988
 52.689850
 52.693707
 52.699993
 52.701542
 52.701626
 52.702381
 52.706215
 52.706867
 52.710022
 52.710091
 52.715900
 52.720074
 52.721809
 52.728287
 52.729053
 52.732723
 52.735649
 52.736874
 52.744854
 52.745800
 52.748184
 52.748470
 52.748596
 52.751530
 52.751572
 52.753124
 52.754505
 52.755226
 52.758152
 52.760838
 52.762550
 52.762615
 52.764828
 52.765114
 52.765739
 52.771122
 52.771301
 52.782204
 52.784260
 52.784763
 52.791279
 52.791599
 52.792496
 52.793297
 52.793365
 52.793896
 52.796329
 52.801792
 52.802223
 52.804493
 52.804840
 52.805836
 52.805843
 52.806690
 52.810398
 52.811394
 52.813141
 52.819698
 52.822556
 52.823090
 52.824848
 52.828323
 52.829712
 52.832100
 52.832436
 52.833897
 52.841183
 52.844143
 52.849304
 52.849487
 52.851738
 52.858406
 52.859184
 52.860271
 52.867981
 52.868275
 52.873589
 52.879230
 52.879322
 52.882542
 52.889503
 52.890976
 52.894699
 52.898827
 52.899414
 52.904583
 52.913761
 52.914597
 52.918442
 52.918957
 52.921787
 52.936565
 52.943089
 52.958420
 52.961884
 52.964050
 52.966484
 52.970428
 52.975502
 52.976509
 52.978275
 52.982872
 52.983799
 52.984074
 52.985027
 52.988625
 52.989052
 52.991737
 52.992611
 52.992661
 52.993610
 52.995621
 52.997162
 53.000156
 53.003742
 53.008358
 53.012081
 53.012245
 53.013458
 53.014252
 53.017113
 53.020306
 53.026314
 53.028152
 53.028732
 53.032070
 53.032272
 53.033375
 53.035385
 53.039642
 53.039764
 53.039848
 53.040894
 53.041840
 53.041878
 53.043270
 53.046143
 53.047993
 53.049809
 53.052795
 53.053955
 53.055614
 53.056469
 53.056664
 53.062229
 53.062786
 53.063152
 53.063488
 53.070572
 53.074791
 53.074997
 53.076023
 53.077938
 53.084538
 53.084873
 53.088524
 53.088707
 53.090027
 53.090157
 53.094177
 53.096390
 53.100269
 53.101109
 53.106194
 53.111336
 53.116512
 53.118893
 53.119133
 53.120098
 53.120304
 53.122597
 53.125275
 53.125748
 53.125862
 53.127495
 53.128700
 53.129177
 53.131203
 53.132137
 53.135628
 53.136513
 53.136536
 53.141293
 53.146160
 53.149815
 53.156826
 53.160217
 53.162079
 53.163849
 53.165451
 53.165512
 53.168911
 53.169586
 53.172516
 53.173962
 53.175457
 53.176086
 53.177315
 53.179848
 53.180832
 53.184555
 53.185448
 53.187561
 53.195545
 53.197037
 53.200581
 53.201336
 53.202831
 53.205791
 53.207142
 53.211636
 53.212929
 53.215996
 53.223751
 53.224304
 53.224628
 53.229404
 53.230030
 53.231426
 53.234737
 53.237206
 53.244862
 53.246418
 53.247643
 53.257233
 53.258148
 53.260937
 53.261253
 53.263966
 53.264652
 53.264671
 53.271114
 53.271336
 53.274643
 53.278740
 53.279613
 53.282280
 53.282585
 53.285301
 53.288353
 53.289211
 53.292156
 53.294720
 53.295368
 53.299393
 53.301449
 53.302864
 53.303814
 53.308846
 53.311592
 53.314083
 53.314430
 53.316597
 53.317173
 53.317665
 53.318359
 53.319408
 53.320686
 53.321522
 53.323544
 53.323807
 53.325748
 53.332893
 53.333282
 53.335346
 53.338371
 53.341827
 53.343472
 53.345287
 53.345318
 53.347088
 53.348511
 53.348740
 53.348782
 53.349255
 53.349842
 53.358265
 53.359085
 53.360458
 53.362617
 53.366909
 53.373329
 53.393009
 53.397976
 53.400009
 53.401474
 53.401943
 53.403324
 53.406303
 53.420059
 53.420105
 53.421490
 53.423965
 53.425022
 53.425186
 53.427700
 53.431038
 53.432461
 53.432724
 53.436535
 53.438908
 53.439907
 53.440109
 53.445572
 53.446976
 53.448376
 53.449665
 53.451836
 53.457062
 53.458099
 53.465862
 53.466408
 53.469234
 53.473331
 53.474964
 53.475101
 53.483261
 53.484394
 53.486748
 53.487732
 53.495464
 53.501644
 53.507248
 53.511662
 53.514687
 53.518143
 53.519344
 53.520298
 53.521248
 53.525829
 53.526440
 53.526722
 53.532524
 53.533352
 53.540596
 53.546890
 53.547844
 53.548401
 53.549408
 53.550545
 53.555180
 53.556023
 53.556244
 53.557915
 53.563686
 53.565140
 53.567318
 53.568825
 53.569489
 53.570778
 53.577526
 53.580093
 53.582237
 53.583206
 53.585861
 53.590202
 53.592072
 53.598682
 53.601223
 53.604530
 53.604717
 53.606766
 53.608490
 53.616871
 53.619583
 53.620804
 53.623791
 53.635906
 53.636387
 53.638744
 53.639610
 53.643295
 53.643467
 53.645363
 53.647736
 53.649998
 53.650646
 53.650940
 53.652081
 53.652798
 53.660141
 53.664734
 53.665863
 53.667076
 53.667210
 53.668129
 53.668697
 53.668938
 53.670631
 53.670914
 53.674015
 53.674206
 53.677151
 53.680168
 53.681664
 53.686604
 53.687305
 53.693977
 53.694977
 53.698757
 53.698822
 53.701962
 53.702152
 53.703041
 53.710865
 53.729084
 53.733273
 53.735287
 53.735416
 53.735649
 53.737633
 53.738586
 53.740826
 53.747906
 53.750622
 53.756729
 53.758080
 53.760078
 53.763435
 53.763908
 53.764656
 53.764988
 53.765816
 53.765854
 53.768826
 53.769352
 53.778797
 53.787987
 53.789791
 53.791046
 53.792751
 53.798866
 53.804466
 53.812187
 53.812687
 53.817982
 53.819939
 53.825645
 53.825855
 53.828320
 53.833340
 53.833786
 53.834621
 53.835747
 53.837234
 53.839951
 53.843521
 53.844093
 53.847195
 53.848705
 53.852474
 53.854717
 53.860847
 53.861084
 53.861252
 53.871109
 53.873692
 53.877068
 53.879864
 53.884529
 53.886051
 53.890175
 53.895409
 53.897236
 53.909241
 53.909325
 53.910366
 53.915367
 53.916363
 53.916447
 53.917110
 53.918568
 53.923130
 53.924625
 53.927101
 53.927155
 53.928879
 53.929653
 53.929760
 53.931850
 53.932247
 53.938354
 53.939800
 53.944355
 53.949902
 53.950264
 53.950607
 53.953659
 53.955482
 53.970188
 53.970928
 53.973022
 53.982098
 53.982143
 53.983017
 53.993324
 53.995010
 53.998966
 53.999458
 54.000854
 54.000961
 54.003464
 54.004417
 54.004578
 54.008579
 54.009144
 54.010029
 54.011749
 54.014854
 54.015385
 54.016232
 54.016342
 54.018284
 54.020607
 54.022221
 54.026947
 54.029980
 54.035248
 54.036728
 54.037300
 54.040783
 54.041595
 54.044872
 54.044964
 54.047516
 54.052231
 54.055893
 54.056427
 54.057106
 54.061459
 54.061974
 54.065681
 54.069515
 54.073948
 54.073986
 54.076660
 54.081905
 54.084835
 54.085629
 54.088547
 54.088829
 54.088875
 54.090008
 54.093685
 54.096817
 54.098843
 54.107117
 54.108334
 54.109985
 54.125053
 54.129002
 54.129929
 54.131985
 54.131992
 54.132195
 54.132195
 54.138386
 54.140961
 54.143108
 54.143326
 54.144363
 54.145767
 54.148495
 54.148952
 54.153084
 54.156841
 54.157021
 54.158916
 54.163925
 54.165600
 54.165749
 54.166130
 54.169827
 54.172283
 54.174904
 54.176235
 54.176453
 54.179161
 54.185253
 54.186092
 54.189579
 54.189968
 54.190224
 54.190514
 54.190781
 54.191193
 54.194183
 54.195175
 54.199112
 54.202629
 54.204712
 54.205902
 54.206741
 54.208542
 54.211430
 54.214867
 54.223068
 54.227787
 54.229713
 54.235302
 54.249466
 54.252670
 54.254501
 54.260468
 54.260513
 54.268280
 54.273453
 54.274300
 54.275116
 54.276672
 54.278423
 54.278667
 54.280800
 54.281208
 54.281353
 54.285076
 54.287552
 54.287804
 54.288479
 54.290127
 54.291664
 54.293159
 54.299950
 54.304264
 54.305710
 54.314568
 54.314892
 54.325954
 54.328197
 54.329514
 54.331902
 54.334656
 54.336380
 54.341011
 54.345722
 54.349930
 54.353531
 54.354736
 54.361938
 54.368515
 54.370785
 54.371758
 54.380035
 54.382664
 54.393093
 54.397266
 54.398064
 54.400814
 54.403183
 54.404129
 54.404251
 54.405350
 54.405884
 54.406937
 54.407597
 54.411461
 54.411926
 54.413540
 54.414997
 54.419598
 54.421619
 54.422882
 54.424122
 54.424702
 54.425945
 54.427670
 54.430172
 54.430565
 54.431419
 54.432407
 54.433937
 54.436527
 54.437035
 54.438030
 54.438206
 54.439186
 54.441071
 54.447269
 54.453884
 54.454712
 54.455517
 54.458992
 54.463928
 54.465229
 54.469162
 54.469833
 54.477249
 54.484081
 54.489857
 54.491871
 54.493320
 54.493523
 54.498608
 54.499962
 54.505291
 54.507385
 54.509521
 54.510693
 54.518677
 54.518787
 54.519192
 54.519444
 54.519897
 54.521828
 54.522636
 54.525803
 54.526726
 54.531960
 54.533325
 54.536419
 54.537376
 54.539055
 54.544819
 54.545567
 54.546474
 54.551640
 54.554081
 54.558838
 54.560394
 54.562164
 54.565464
 54.569477
 54.579754
 54.581409
 54.584496
 54.587795
 54.589630
 54.589859
 54.601650
 54.605316
 54.605633
 54.607357
 54.611565
 54.613911
 54.615257
 54.619186
 54.621128
 54.621201
 54.623203
 54.623722
 54.632378
 54.635834
 54.637493
 54.638622
 54.640530
 54.640869
 54.642841
 54.653954
 54.656685
 54.658463
 54.660782
 54.662067
 54.662567
 54.665051
 54.665440
 54.670273
 54.680080
 54.680916
 54.681015
 54.683182
 54.686371
 54.699852
 54.705761
 54.714840
 54.716179
 54.720684
 54.722065
 54.722336
 54.723751
 54.726303
 54.729382
 54.730392
 54.741764
 54.744854
 54.745121
 54.746700
 54.749218
 54.750664
 54.752495
 54.757610
 54.758194
 54.758488
 54.764259
 54.764885
 54.767231
 54.767281
 54.771019
 54.773426
 54.773899
 54.775967
 54.778034
 54.779831
 54.791786
 54.794903
 54.797707
 54.799301
 54.799625
 54.800526
 54.802479
 54.802776
 54.803875
 54.807030
 54.813179
 54.820210
 54.820602
 54.820900
 54.820953
 54.822254
 54.823994
 54.824989
 54.827301
 54.829079
 54.830757
 54.831924
 54.832287
 54.837597
 54.845871
 54.848507
 54.849651
 54.849892
 54.850006
 54.851280
 54.854214
 54.855850
 54.856258
 54.861496
 54.861855
 54.863575
 54.864296
 54.866249
 54.872368
 54.874142
 54.878189
 54.884949
 54.885990
 54.891941
 54.894333
 54.894520
 54.896141
 54.897568
 54.899368
 54.904633
 54.907730
 54.908661
 54.910194
 54.912453
 54.913967
 54.914188
 54.918480
 54.918903
 54.919785
 54.920601
 54.926895
 54.927742
 54.930347
 54.932850
 54.938480
 54.940887
 54.941391
 54.943401
 54.946552
 54.949104
 54.952759
 54.953392
 54.960930
 54.961658
 54.964378
 54.970875
 54.974743
 54.974758
 54.989265
 54.991879
 54.995213
 54.996315
 55.000244
 55.014530
 55.019073
 55.020180
 55.021877
 55.026131
 55.030048
 55.030731
 55.031784
 55.034210
 55.034737
 55.036537
 55.036816
 55.038391
 55.039772
 55.042469
 55.047886
 55.048187
 55.049095
 55.049820
 55.049911
 55.050602
 55.051052
 55.052723
 55.058361
 55.059608
 55.060734
 55.065086
 55.067169
 55.067440
 55.067612
 55.068066
 55.068676
 55.070480
 55.072865
 55.073158
 55.073608
 55.079063
 55.080173
 55.082825
 55.086918
 55.087639
 55.090977
 55.095448
 55.098816
 55.101669
 55.111244
 55.113670
 55.119698
 55.120152
 55.122673
 55.124184
 55.124748
 55.124962
 55.125240
 55.129490
 55.129841
 55.129940
 55.132191
 55.132229
 55.137413
 55.138836
 55.143246
 55.144661
 55.146313
 55.149246
 55.149704
 55.150249
 55.151100
 55.155655
 55.158653
 55.163647
 55.167923
 55.169914
 55.172955
 55.175941
 55.178371
 55.179173
 55.180145
 55.182438
 55.182945
 55.183300
 55.185104
 55.188267
 55.188690
 55.192154
 55.193752
 55.194870
 55.198231
 55.199539
 55.200142
 55.201332
 55.202095
 55.202534
 55.202950
 55.207413
 55.213882
 55.214375
 55.222397
 55.227287
 55.227673
 55.231098
 55.232758
 55.240849
 55.242401
 55.243828
 55.245239
 55.246696
 55.247269
 55.247284
 55.250679
 55.251606
 55.255699
 55.256012
 55.256897
 55.258659
 55.258999
 55.266132
 55.270210
 55.271111
 55.271282
 55.272900
 55.273636
 55.273701
 55.274200
 55.274464
 55.276051
 55.281227
 55.287262
 55.288017
 55.288330
 55.296127
 55.297729
 55.302757
 55.303917
 55.307316
 55.308613
 55.310543
 55.319672
 55.320923
 55.323494
 55.324642
 55.325954
 55.328098
 55.332191
 55.334339
 55.335770
 55.336597
 55.336674
 55.337570
 55.337975
 55.341682
 55.341904
 55.345474
 55.346325
 55.353203
 55.353691
 55.359108
 55.360985
 55.362328
 55.363945
 55.369534
 55.370159
 55.371017
 55.374489
 55.376339
 55.379265
 55.381508
 55.381794
 55.383076
 55.384777
 55.386093
 55.388084
 55.389214
 55.390636
 55.391628
 55.393742
 55.405472
 55.405991
 55.407730
 55.409927
 55.411526
 55.411831
 55.412659
 55.418873
 55.419884
 55.419907
 55.420670
 55.423416
 55.423595
 55.424007
 55.424919
 55.425030
 55.426018
 55.437366
 55.437553
 55.437817
 55.442215
 55.443012
 55.449165
 55.451557
 55.451714
 55.451881
 55.454586
 55.455830
 55.457237
 55.470375
 55.473118
 55.476673
 55.478199
 55.479710
 55.481636
 55.483238
 55.484589
 55.484970
 55.490246
 55.493530
 55.495960
 55.496834
 55.499817
 55.500675
 55.503498
 55.505787
 55.507942
 55.514034
 55.515827
 55.518185
 55.518967
 55.524254
 55.524387
 55.528122
 55.529812
 55.534996
 55.538540
 55.540009
 55.541306
 55.543701
 55.546253
 55.550961
 55.551567
 55.551914
 55.552032
 55.553322
 55.559010
 55.559040
 55.566257
 55.566483
 55.569099
 55.569466
 55.570801
 55.570885
 55.576050
 55.576290
 55.577297
 55.579720
 55.580009
 55.581863
 55.585152
 55.592312
 55.592384
 55.594589
 55.595253
 55.601776
 55.605583
 55.607510
 55.609173
 55.611526
 55.614136
 55.618568
 55.619404
 55.621422
 55.625576
 55.628464
 55.631233
 55.636513
 55.640800
 55.641422
 55.647144
 55.647877
 55.657959
 55.658653
 55.660370
 55.661251
 55.661873
 55.668301
 55.668709
 55.671452
 55.676910
 55.681034
 55.681679
 55.681786
 55.684242
 55.686657
 55.687405
 55.691326
 55.695076
 55.701950
 55.706493
 55.714710
 55.718925
 55.724144
 55.724617
 55.729042
 55.729713
 55.734238
 55.734596
 55.737091
 55.741608
 55.743576
 55.745335
 55.746395
 55.747726
 55.752548
 55.752647
 55.753769
 55.757553
 55.759750
 55.763618
 55.765171
 55.767471
 55.769871
 55.775600
 55.780777
 55.785381
 55.788044
 55.798183
 55.801823
 55.802345
 55.804626
 55.806568
 55.812347
 55.813919
 55.821487
 55.822376
 55.823856
 55.827450
 55.829330
 55.830158
 55.832352
 55.835751
 55.837166
 55.840294
 55.840317
 55.840946
 55.842522
 55.845612
 55.849884
 55.852558
 55.853844
 55.862019
 55.863743
 55.866096
 55.868454
 55.869797
 55.870583
 55.875641
 55.885952
 55.887581
 55.889473
 55.891136
 55.892284
 55.897964
 55.900356
 55.905514
 55.909008
 55.916618
 55.918331
 55.919094
 55.919491
 55.919556
 55.920170
 55.926311
 55.931625
 55.937454
 55.938812
 55.939423
 55.941078
 55.949097
 55.952515
 55.963482
 55.963993
 55.964825
 55.966507
 55.967743
 55.979305
 55.987621
 55.987961
 55.989967
 55.995262
 55.995415
 56.006828
 56.007931
 56.009888
 56.010368
 56.014534
 56.022820
 56.023331
 56.026890
 56.031139
 56.033310
 56.034504
 56.036705
 56.038200
 56.039249
 56.039337
 56.040756
 56.042389
 56.042572
 56.044533
 56.051147
 56.051624
 56.065502
 56.069916
 56.071129
 56.072327
 56.079174
 56.079620
 56.082062
 56.084351
 56.086372
 56.088127
 56.088165
 56.088413
 56.089767
 56.091904
 56.091949
 56.099754
 56.104092
 56.116402
 56.123310
 56.128479
 56.131119
 56.132252
 56.134850
 56.140171
 56.142662
 56.148804
 56.151527
 56.156792
 56.157127
 56.159981
 56.179634
 56.180809
 56.184971
 56.185432
 56.194145
 56.210049
 56.211376
 56.212479
 56.214539
 56.223026
 56.227463
 56.230305
 56.232155
 56.233356
 56.233776
 56.234921
 56.238102
 56.258408
 56.269241
 56.272663
 56.274235
 56.274723
 56.276001
 56.276596
 56.279213
 56.281647
 56.281891
 56.309029
 56.314869
 56.319191
 56.321106
 56.321232
 56.324753
 56.325966
 56.325996
 56.334991
 56.336182
 56.336430
 56.337334
 56.337780
 56.338501
 56.340164
 56.340740
 56.343399
 56.344414
 56.349976
 56.361061
 56.362900
 56.365761
 56.366802
 56.370804
 56.371666
 56.374184
 56.374660
 56.378624
 56.383671
 56.387821
 56.388889
 56.393658
 56.399300
 56.400253
 56.406616
 56.409122
 56.410793
 56.412868
 56.416195
 56.417946
 56.421936
 56.422478
 56.422523
 56.425091
 56.425098
 56.425159
 56.426151
 56.426373
 56.431858
 56.438534
 56.438622
 56.442360
 56.443977
 56.446144
 56.449547
 56.451454
 56.451714
 56.453247
 56.457447
 56.463783
 56.475777
 56.478619
 56.478634
 56.479145
 56.479946
 56.481365
 56.481705
 56.486847
 56.496918
 56.497589
 56.499123
 56.500736
 56.505402
 56.508232
 56.512577
 56.517475
 56.519779
 56.524002
 56.532326
 56.533829
 56.534096
 56.536610
 56.537128
 56.541710
 56.542603
 56.543091
 56.554264
 56.558865
 56.562721
 56.566948
 56.569229
 56.572975
 56.578033
 56.584812
 56.587154
 56.588116
 56.593559
 56.594036
 56.594326
 56.597179
 56.598633
 56.605633
 56.606056
 56.607105
 56.608810
 56.609436
 56.610535
 56.610931
 56.612888
 56.612930
 56.619171
 56.620403
 56.623749
 56.629253
 56.634056
 56.634365
 56.635380
 56.642212
 56.650150
 56.655815
 56.656071
 56.656460
 56.659763
 56.663033
 56.663086
 56.664925
 56.673130
 56.683094
 56.685242
 56.687103
 56.689049
 56.690353
 56.698051
 56.704437
 56.704617
 56.709446
 56.712914
 56.716183
 56.718098
 56.718273
 56.720455
 56.731491
 56.732094
 56.734314
 56.739044
 56.744621
 56.745724
 56.750526
 56.755829
 56.758278
 56.761852
 56.771317
 56.772247
 56.775013
 56.783401
 56.787415
 56.789448
 56.792347
 56.801517
 56.808506
 56.809174
 56.814762
 56.815388
 56.815914
 56.822365
 56.823685
 56.826443
 56.830093
 56.830242
 56.833942
 56.839371
 56.842533
 56.850285
 56.850983
 56.853470
 56.856628
 56.858273
 56.866238
 56.870094
 56.873985
 56.874329
 56.878193
 56.892403
 56.898026
 56.910595
 56.911140
 56.912384
 56.915550
 56.919567
 56.922478
 56.927959
 56.933731
 56.933849
 56.934273
 56.944965
 56.946991
 56.948311
 56.949974
 56.952293
 56.955566
 56.955719
 56.957600
 56.967571
 56.979111
 56.983398
 56.985432
 56.985634
 56.990204
 56.993252
 56.993534
 56.995533
 57.001064
 57.002811
 57.003151
 57.004715
 57.007885
 57.011776
 57.013458
 57.025574
 57.028423
 57.032986
 57.040337
 57.040863
 57.041054
 57.041233
 57.045197
 57.046329
 57.046448
 57.052437
 57.052902
 57.054054
 57.056572
 57.058647
 57.060238
 57.064007
 57.067276
 57.073349
 57.092899
 57.093147
 57.099220
 57.099812
 57.103508
 57.105415
 57.106655
 57.109024
 57.115883
 57.116516
 57.118763
 57.119141
 57.119488
 57.122875
 57.125267
 57.126381
 57.126801
 57.132454
 57.132946
 57.137436
 57.139206
 57.149696
 57.150276
 57.157001
 57.163055
 57.165302
 57.175659
 57.186710
 57.186859
 57.186878
 57.186951
 57.188492
 57.190044
 57.198322
 57.202686
 57.204861
 57.205917
 57.222008
 57.222668
 57.224121
 57.226894
 57.232822
 57.234985
 57.238247
 57.241623
 57.242962
 57.243896
 57.245331
 57.245407
 57.248451
 57.258858
 57.259941
 57.260876
 57.269855
 57.280682
 57.286732
 57.287945
 57.287956
 57.291748
 57.293320
 57.300678
 57.305820
 57.306122
 57.312721
 57.318493
 57.318947
 57.319260
 57.321331
 57.324276
 57.326187
 57.327095
 57.328876
 57.331383
 57.334259
 57.336548
 57.345417
 57.345676
 57.349312
 57.350849
 57.352501
 57.356926
 57.356972
 57.359329
 57.360790
 57.369194
 57.382523
 57.384346
 57.384766
 57.388107
 57.398949
 57.399681
 57.402573
 57.405594
 57.406925
 57.407578
 57.412193
 57.412415
 57.424366
 57.428787
 57.430260
 57.437927
 57.445366
 57.446671
 57.452454
 57.453766
 57.456909
 57.456924
 57.462940
 57.468727
 57.469505
 57.470772
 57.471546
 57.479004
 57.482346
 57.486603
 57.489529
 57.490284
 57.493698
 57.498608
 57.500195
 57.500378
 57.502632
 57.504311
 57.507526
 57.513565
 57.514015
 57.519089
 57.519806
 57.522018
 57.526928
 57.531876
 57.533993
 57.534157
 57.537056
 57.541355
 57.547695
 57.561352
 57.563023
 57.563858
 57.569988
 57.573593
 57.587208
 57.588768
 57.589939
 57.593571
 57.593842
 57.594170
 57.598984
 57.603733
 57.612461
 57.612663
 57.613670
 57.623035
 57.632996
 57.636292
 57.638077
 57.638664
 57.640175
 57.645554
 57.647106
 57.647427
 57.650280
 57.651657
 57.652000
 57.657143
 57.659939
 57.662178
 57.662827
 57.666107
 57.681725
 57.685017
 57.685230
 57.692940
 57.695450
 57.695503
 57.706181
 57.709316
 57.713913
 57.735542
 57.739971
 57.740078
 57.740612
 57.741821
 57.761337
 57.761395
 57.763676
 57.769417
 57.769722
 57.770767
 57.778355
 57.783947
 57.785522
 57.786205
 57.787106
 57.787228
 57.788918
 57.789917
 57.795166
 57.797386
 57.797508
 57.797714
 57.804733
 57.820107
 57.824890
 57.828934
 57.829884
 57.837299
 57.838223
 57.839279
 57.842842
 57.843048
 57.846691
 57.847198
 57.856411
 57.858597
 57.862598
 57.863342
 57.863548
 57.869820
 57.870453
 57.870670
 57.870766
 57.873562
 57.876686
 57.880764
 57.885132
 57.886749
 57.891991
 57.892380
 57.901318
 57.901634
 57.902557
 57.909904
 57.911903
 57.912930
 57.917290
 57.919403
 57.923111
 57.924488
 57.925800
 57.933334
 57.935993
 57.951965
 57.952328
 57.958054
 57.958584
 57.961445
 57.962559
 57.963608
 57.976696
 57.976810
 57.978649
 57.981270
 57.982994
 57.984577
 57.984955
 57.989429
 57.994377
 57.994877
 58.002186
 58.010239
 58.019230
 58.024796
 58.026382
 58.028034
 58.044338
 58.045090
 58.051682
 58.051735
 58.058796
 58.059723
 58.060181
 58.060520
 58.073189
 58.073193
 58.079403
 58.083611
 58.086910
 58.091087
 58.103867
 58.104874
 58.105095
 58.108727
 58.110191
 58.110695
 58.111382
 58.117542
 58.120510
 58.121922
 58.122932
 58.125771
 58.144806
 58.148483
 58.149200
 58.151642
 58.154045
 58.157066
 58.160324
 58.163925
 58.164547
 58.168507
 58.176254
 58.178276
 58.180584
 58.181419
 58.182514
 58.185493
 58.186337
 58.189922
 58.194771
 58.201797
 58.205791
 58.206287
 58.210712
 58.211670
 58.213715
 58.214012
 58.214256
 58.218300
 58.219826
 58.222633
 58.226219
 58.229626
 58.231915
 58.236511
 58.239895
 58.245964
 58.246155
 58.256744
 58.258926
 58.259911
 58.260448
 58.264877
 58.267776
 58.271118
 58.271381
 58.271458
 58.273239
 58.273903
 58.277542
 58.279705
 58.280514
 58.284725
 58.290184
 58.290657
 58.292397
 58.294041
 58.294647
 58.295479
 58.300442
 58.301296
 58.303207
 58.303288
 58.309399
 58.313744
 58.315666
 58.320015
 58.324593
 58.325092
 58.325603
 58.326775
 58.331272
 58.331509
 58.335045
 58.340675
 58.347061
 58.349476
 58.350273
 58.353024
 58.363235
 58.364449
 58.368710
 58.377419
 58.377525
 58.378033
 58.378349
 58.392384
 58.398315
 58.399822
 58.400276
 58.400421
 58.409187
 58.409569
 58.412594
 58.419956
 58.419971
 58.426613
 58.429062
 58.430122
 58.433731
 58.438133
 58.439003
 58.439564
 58.456238
 58.464287
 58.465431
 58.467300
 58.469948
 58.471645
 58.474991
 58.477703
 58.478512
 58.483330
 58.485912
 58.496838
 58.508938
 58.511452
 58.520287
 58.520981
 58.523365
 58.527786
 58.529366
 58.529503
 58.542850
 58.543072
 58.546555
 58.546963
 58.547035
 58.547390
 58.553299
 58.554085
 58.555206
 58.559040
 58.561672
 58.561817
 58.563358
 58.569183
 58.570656
 58.573738
 58.575863
 58.581871
 58.593025
 58.597580
 58.597733
 58.599979
 58.601551
 58.602531
 58.609482
 58.611298
 58.611740
 58.618942
 58.630959
 58.631977
 58.634808
 58.636219
 58.642704
 58.648800
 58.652210
 58.654396
 58.655151
 58.656483
 58.657272
 58.667549
 58.673035
 58.674232
 58.678482
 58.680725
 58.684021
 58.686867
 58.690350
 58.698162
 58.704021
 58.707012
 58.714802
 58.718052
 58.721458
 58.724178
 58.727150
 58.728867
 58.730679
 58.735481
 58.751354
 58.752861
 58.758575
 58.760139
 58.760292
 58.762325
 58.762703
 58.764008
 58.764751
 58.765831
 58.767570
 58.771515
 58.772408
 58.775375
 58.776039
 58.776703
 58.777054
 58.779831
 58.783806
 58.784821
 58.784855
 58.793858
 58.795532
 58.798782
 58.799965
 58.800560
 58.801548
 58.801872
 58.805946
 58.808193
 58.817490
 58.818981
 58.827099
 58.827305
 58.831070
 58.831566
 58.850330
 58.852165
 58.857391
 58.858784
 58.876205
 58.879009
 58.883099
 58.883232
 58.885651
 58.887367
 58.889465
 58.890099
 58.892353
 58.896286
 58.897018
 58.905231
 58.905605
 58.909164
 58.909653
 58.911072
 58.913776
 58.930042
 58.932415
 58.934021
 58.938728
 58.949074
 58.951214
 58.954552
 58.957279
 58.960732
 58.961960
 58.966969
 58.970001
 58.981781
 58.992409
 58.999863
 59.003647
 59.004814
 59.005527
 59.006218
 59.012840
 59.017883
 59.020569
 59.021034
 59.023621
 59.027809
 59.042175
 59.045429
 59.049088
 59.052177
 59.059105
 59.066975
 59.067589
 59.068588
 59.069660
 59.075802
 59.077278
 59.079781
 59.082115
 59.084946
 59.090019
 59.092812
 59.096474
 59.096561
 59.101688
 59.127060
 59.131161
 59.136280
 59.140251
 59.144196
 59.147419
 59.148926
 59.150871
 59.169067
 59.170502
 59.172108
 59.173939
 59.174255
 59.182091
 59.182159
 59.182514
 59.188828
 59.194401
 59.197144
 59.210335
 59.211311
 59.215221
 59.215416
 59.216717
 59.216728
 59.220913
 59.225071
 59.228909
 59.231018
 59.232285
 59.240696
 59.243820
 59.244308
 59.258118
 59.261280
 59.263287
 59.268532
 59.269711
 59.276272
 59.278648
 59.282104
 59.285194
 59.289543
 59.293732
 59.294186
 59.295517
 59.299370
 59.300125
 59.300922
 59.301067
 59.301270
 59.311859
 59.313286
 59.314598
 59.324860
 59.330036
 59.333160
 59.339981
 59.340050
 59.345043
 59.350670
 59.352150
 59.361485
 59.364506
 59.365101
 59.371384
 59.371811
 59.374573
 59.385708
 59.392403
 59.394730
 59.394852
 59.399765
 59.400200
 59.401581
 59.404438
 59.412987
 59.417793
 59.420372
 59.423882
 59.425316
 59.426132
 59.427120
 59.431362
 59.436684
 59.438393
 59.442242
 59.444065
 59.444668
 59.445251
 59.446545
 59.446629
 59.452549
 59.456047
 59.456978
 59.457569
 59.458633
 59.465248
 59.467255
 59.468044
 59.470146
 59.474419
 59.474815
 59.477196
 59.478878
 59.479794
 59.481018
 59.485302
 59.487091
 59.487167
 59.488857
 59.491142
 59.496834
 59.503109
 59.505627
 59.514877
 59.520435
 59.523354
 59.532162
 59.533272
 59.539635
 59.542236
 59.545265
 59.549034
 59.550869
 59.554520
 59.563320
 59.564339
 59.569519
 59.570446
 59.571415
 59.573467
 59.578808
 59.581078
 59.581223
 59.583595
 59.589939
 59.590988
 59.592037
 59.600445
 59.603443
 59.611866
 59.616100
 59.618698
 59.630547
 59.632229
 59.653027
 59.655354
 59.657978
 59.659214
 59.659492
 59.682709
 59.688755
 59.689472
 59.690834
 59.695061
 59.696102
 59.697273
 59.698219
 59.699326
 59.700600
 59.708267
 59.726410
 59.747143
 59.748352
 59.749538
 59.750465
 59.754997
 59.755001
 59.756966
 59.763012
 59.767021
 59.768162
 59.772205
 59.774967
 59.787739
 59.787849
 59.788017
 59.791618
 59.794113
 59.797424
 59.797516
 59.800938
 59.817429
 59.821651
 59.822014
 59.837902
 59.838158
 59.845909
 59.846878
 59.849586
 59.849731
 59.853451
 59.855179
 59.858540
 59.862503
 59.866886
 59.873203
 59.875851
 59.887196
 59.890491
 59.891289
 59.902985
 59.906368
 59.916130
 59.918255
 59.918365
 59.923569
 59.926594
 59.927113
 59.931026
 59.932610
 59.932728
 59.935570
 59.942772
 59.943657
 59.945023
 59.946884
 59.957726
 59.965004
 59.967621
 59.973602
 59.981621
 59.981834
 59.983345
 59.983742
 59.984940
 59.991005
 59.991856
 59.992310
 59.994503
 59.997505
 59.999451
 60.000694
 60.002625
 60.005859
 60.006168
 60.006638
 60.010254
 60.016354
 60.016445
 60.019939
 60.022156
 60.023399
 60.024048
 60.029442
 60.029831
 60.033463
 60.035362
 60.037659
 60.046856
 60.056404
 60.058731
 60.061340
 60.064022
 60.074055
 60.078541
 60.079689
 60.080845
 60.082546
 60.092590
 60.096806
 60.098160
 60.115654
 60.128780
 60.132809
 60.133247
 60.139038
 60.145374
 60.149067
 60.158401
 60.159382
 60.160217
 60.160255
 60.161793
 60.164360
 60.165741
 60.169384
 60.169613
 60.173035
 60.187935
 60.192505
 60.193798
 60.202629
 60.204449
 60.207691
 60.219517
 60.221214
 60.223179
 60.227867
 60.230919
 60.233978
 60.260223
 60.260235
 60.274300
 60.275219
 60.279190
 60.281700
 60.292099
 60.295273
 60.298630
 60.300190
 60.309196
 60.315910
 60.320602
 60.323467
 60.323772
 60.331238
 60.336628
 60.337898
 60.341537
 60.347332
 60.352085
 60.360344
 60.360527
 60.362751
 60.364681
 60.366062
 60.370155
 60.371147
 60.373062
 60.374470
 60.375984
 60.383080
 60.383942
 60.389771
 60.392307
 60.397182
 60.399170
 60.404415
 60.407135
 60.409447
 60.413818
 60.416687
 60.421188
 60.427456
 60.429871
 60.430859
 60.436592
 60.446228
 60.455376
 60.455711
 60.461250
 60.464111
 60.464157
 60.464901
 60.469223
 60.472332
 60.477943
 60.479813
 60.480122
 60.487797
 60.488159
 60.489113
 60.493988
 60.495934
 60.504162
 60.509506
 60.512970
 60.516167
 60.517937
 60.526443
 60.532997
 60.541389
 60.545395
 60.549557
 60.552670
 60.552826
 60.562553
 60.562962
 60.566021
 60.566032
 60.573387
 60.575275
 60.578621
 60.585682
 60.585987
 60.589417
 60.589882
 60.591293
 60.597729
 60.598083
 60.602257
 60.608791
 60.616196
 60.617119
 60.627285
 60.631340
 60.632347
 60.640491
 60.644104
 60.645218
 60.645248
 60.646042
 60.648392
 60.655045
 60.657669
 60.661850
 60.663330
 60.663330
 60.663673
 60.671665
 60.679142
 60.683571
 60.693027
 60.694160
 60.695869
 60.696960
 60.699089
 60.703598
 60.705475
 60.706757
 60.707481
 60.709255
 60.710281
 60.733093
 60.741978
 60.742088
 60.742554
 60.744900
 60.762436
 60.764763
 60.768890
 60.773911
 60.774799
 60.778248
 60.787834
 60.794456
 60.796982
 60.799866
 60.805473
 60.805641
 60.808552
 60.809944
 60.811680
 60.814934
 60.817307
 60.832985
 60.841164
 60.842049
 60.847523
 60.854294
 60.859341
 60.859375
 60.861919
 60.868744
 60.878136
 60.884567
 60.888535
 60.892715
 60.895828
 60.896206
 60.900459
 60.900780
 60.901260
 60.905495
 60.912834
 60.913975
 60.917633
 60.939438
 60.950108
 60.950962
 60.952137
 60.953671
 60.960575
 60.964886
 60.968311
 60.972485
 60.973083
 60.974728
 60.977795
 60.979507
 60.987122
 60.994194
 61.004604
 61.025982
 61.026630
 61.035210
 61.038101
 61.049335
 61.057953
 61.058434
 61.064987
 61.068100
 61.073883
 61.077904
 61.082058
 61.084335
 61.089264
 61.091805
 61.091904
 61.102715
 61.114113
 61.117485
 61.131908
 61.136505
 61.140167
 61.143257
 61.143570
 61.148384
 61.166172
 61.167564
 61.176403
 61.182652
 61.185452
 61.188835
 61.188988
 61.190315
 61.192116
 61.197044
 61.201000
 61.206795
 61.210915
 61.211620
 61.215492
 61.217415
 61.220924
 61.221165
 61.221245
 61.222370
 61.242802
 61.243935
 61.252789
 61.254631
 61.256557
 61.257210
 61.261230
 61.264206
 61.264359
 61.265854
 61.272041
 61.275055
 61.276051
 61.288071
 61.289398
 61.296860
 61.301521
 61.310726
 61.313850
 61.330353
 61.331520
 61.341442
 61.341583
 61.341801
 61.341896
 61.343605
 61.344597
 61.345329
 61.346813
 61.364006
 61.364113
 61.377556
 61.384537
 61.386135
 61.388969
 61.396309
 61.398354
 61.403038
 61.419170
 61.421070
 61.422729
 61.426208
 61.426743
 61.436699
 61.441978
 61.456478
 61.485527
 61.486454
 61.493168
 61.496017
 61.501389
 61.506355
 61.511856
 61.512199
 61.512295
 61.519184
 61.531181
 61.535210
 61.536617
 61.540802
 61.541046
 61.563904
 61.564774
 61.565346
 61.567413
 61.569092
 61.575928
 61.579636
 61.595417
 61.597691
 61.609768
 61.627953
 61.632977
 61.640339
 61.653820
 61.658222
 61.668556
 61.670128
 61.673752
 61.678486
 61.686241
 61.691055
 61.710548
 61.711823
 61.721531
 61.723244
 61.733955
 61.742744
 61.744209
 61.754543
 61.755970
 61.756500
 61.762108
 61.764526
 61.769527
 61.776382
 61.779671
 61.785107
 61.791420
 61.800766
 61.801773
 61.814941
 61.830307
 61.832886
 61.834431
 61.838905
 61.840199
 61.845226
 61.858013
 61.865685
 61.872303
 61.873360
 61.878670
 61.889965
 61.907005
 61.908291
 61.910404
 61.911201
 61.911736
 61.914879
 61.926903
 61.936993
 61.947292
 61.950401
 61.958702
 61.963657
 61.964996
 61.967552
 61.967579
 61.971565
 61.975807
 61.985764
 61.999413
 62.000099
 62.004681
 62.006378
 62.006393
 62.027100
 62.037716
 62.038212
 62.047379
 62.067497
 62.080860
 62.085037
 62.092583
 62.094971
 62.099430
 62.100449
 62.100475
 62.100971
 62.116535
 62.121735
 62.126816
 62.137238
 62.142296
 62.145004
 62.153328
 62.155586
 62.161194
 62.163410
 62.180424
 62.184174
 62.186657
 62.207512
 62.227303
 62.228149
 62.229370
 62.232330
 62.232834
 62.238617
 62.244488
 62.251282
 62.254940
 62.268112
 62.269501
 62.279850
 62.282578
 62.296646
 62.303234
 62.306942
 62.307976
 62.314713
 62.316757
 62.318878
 62.319901
 62.320251
 62.328972
 62.337276
 62.342346
 62.344528
 62.344891
 62.346169
 62.352112
 62.355816
 62.360497
 62.363808
 62.398369
 62.405865
 62.412952
 62.413681
 62.417839
 62.420746
 62.436089
 62.436142
 62.439819
 62.443069
 62.458241
 62.462196
 62.462547
 62.468536
 62.469189
 62.473232
 62.482063
 62.485104
 62.488575
 62.501427
 62.510025
 62.516342
 62.517502
 62.519142
 62.519646
 62.521442
 62.524658
 62.534790
 62.541595
 62.548653
 62.553673
 62.554745
 62.555161
 62.574646
 62.581806
 62.584095
 62.586582
 62.591049
 62.593369
 62.598850
 62.603100
 62.612015
 62.629875
 62.633537
 62.639263
 62.639473
 62.639893
 62.640427
 62.640537
 62.642357
 62.650166
 62.650230
 62.651192
 62.668152
 62.681641
 62.695019
 62.699619
 62.711319
 62.717072
 62.719582
 62.721718
 62.723663
 62.727936
 62.732510
 62.733948
 62.734348
 62.748833
 62.755219
 62.761078
 62.766205
 62.776882
 62.780849
 62.785797
 62.798553
 62.808838
 62.810917
 62.818207
 62.826969
 62.828232
 62.833725
 62.845882
 62.850578
 62.851654
 62.853436
 62.853989
 62.861053
 62.887085
 62.888798
 62.896801
 62.899529
 62.903484
 62.910141
 62.913956
 62.920425
 62.927895
 62.928833
 62.938698
 62.950771
 62.955902
 62.958260
 62.963287
 62.966827
 62.968216
 62.969513
 62.969696
 62.974632
 62.981869
 62.982925
 62.986496
 62.988686
 62.989159
 62.993488
 62.994469
 63.000969
 63.003456
 63.017021
 63.024330
 63.037453
 63.042004
 63.043945
 63.046925
 63.047268
 63.058739
 63.076405
 63.082596
 63.085697
 63.091568
 63.097908
 63.103371
 63.104469
 63.107578
 63.115402
 63.116207
 63.125263
 63.130886
 63.132133
 63.147301
 63.151966
 63.165291
 63.170723
 63.185375
 63.192768
 63.195354
 63.196590
 63.197899
 63.201279
 63.210617
 63.214542
 63.219360
 63.241199
 63.243813
 63.257435
 63.263351
 63.265236
 63.272934
 63.278450
 63.278782
 63.280785
 63.284279
 63.285236
 63.288986
 63.300121
 63.308437
 63.310467
 63.318810
 63.326675
 63.326832
 63.329918
 63.331547
 63.352169
 63.357300
 63.359028
 63.364647
 63.369392
 63.370258
 63.376907
 63.377464
 63.379162
 63.380970
 63.387997
 63.389664
 63.412727
 63.419884
 63.428223
 63.429371
 63.440956
 63.484108
 63.488743
 63.498413
 63.499329
 63.512321
 63.528305
 63.534176
 63.545784
 63.547901
 63.571575
 63.583054
 63.594910
 63.614365
 63.614494
 63.615723
 63.616104
 63.621151
 63.626122
 63.627609
 63.628246
 63.633575
 63.633823
 63.640953
 63.641632
 63.647663
 63.650955
 63.657581
 63.658161
 63.662155
 63.672859
 63.674507
 63.674953
 63.680412
 63.681423
 63.683502
 63.691959
 63.692398
 63.703125
 63.713108
 63.716274
 63.730488
 63.731983
 63.732422
 63.734962
 63.735214
 63.735992
 63.742664
 63.749588
 63.750397
 63.753311
 63.769325
 63.782261
 63.782444
 63.786308
 63.792168
 63.835224
 63.836304
 63.859840
 63.894882
 63.909775
 63.910866
 63.914963
 63.921051
 63.922451
 63.923271
 63.928734
 63.932926
 63.937782
 63.948051
 63.963337
 63.964081
 63.975548
 63.978050
 63.984055
 63.988247
 64.001213
 64.001663
 64.017754
 64.018127
 64.022049
 64.028076
 64.038490
 64.039635
 64.040123
 64.043945
 64.053726
 64.054008
 64.058029
 64.067009
 64.078094
 64.080795
 64.084526
 64.084946
 64.087769
 64.094276
 64.096634
 64.099686
 64.102173
 64.104416
 64.111191
 64.117249
 64.118958
 64.121407
 64.129517
 64.134552
 64.137253
 64.152206
 64.155441
 64.160973
 64.172981
 64.181496
 64.192696
 64.223640
 64.239464
 64.243225
 64.244415
 64.254250
 64.256516
 64.262177
 64.263214
 64.263779
 64.272675
 64.273590
 64.279198
 64.284462
 64.288086
 64.289871
 64.291649
 64.296516
 64.311516
 64.314980
 64.325478
 64.334854
 64.346817
 64.359161
 64.365074
 64.372536
 64.375031
 64.384186
 64.384628
 64.391266
 64.392090
 64.392609
 64.393440
 64.396996
 64.402435
 64.405060
 64.405441
 64.412918
 64.430199
 64.430573
 64.444672
 64.449913
 64.469337
 64.469894
 64.473488
 64.475014
 64.475708
 64.480614
 64.487846
 64.494415
 64.514824
 64.544022
 64.552696
 64.575241
 64.578629
 64.582062
 64.586044
 64.588181
 64.592667
 64.603531
 64.605019
 64.606766
 64.611694
 64.667511
 64.668076
 64.672142
 64.672882
 64.674446
 64.677246
 64.677612
 64.683784
 64.692818
 64.704453
 64.705475
 64.728737
 64.730698
 64.744278
 64.765160
 64.773148
 64.780800
 64.783470
 64.785851
 64.799698
 64.801514
 64.807449
 64.813988
 64.821648
 64.822166
 64.822304
 64.832626
 64.836723
 64.844597
 64.862419
 64.873932
 64.883919
 64.888008
 64.896744
 64.902466
 64.902725
 64.906662
 64.907394
 64.910233
 64.913475
 64.917778
 64.918587
 64.921280
 64.923813
 64.929420
 64.938713
 64.942978
 64.953911
 64.975098
 64.990662
 64.992638
 64.993210
 65.007530
 65.009415
 65.022011
 65.027580
 65.038612
 65.043358
 65.045517
 65.045708
 65.050964
 65.059662
 65.081573
 65.084976
 65.088478
 65.092758
 65.116951
 65.117279
 65.118996
 65.129456
 65.142159
 65.160599
 65.170212
 65.170471
 65.170990
 65.171135
 65.176208
 65.182114
 65.185059
 65.206795
 65.211060
 65.211792
 65.219070
 65.229355
 65.239441
 65.243454
 65.244171
 65.250732
 65.260330
 65.277603
 65.296280
 65.301506
 65.310127
 65.317429
 65.330429
 65.332458
 65.334961
 65.347008
 65.355530
 65.361771
 65.362488
 65.366867
 65.366943
 65.369370
 65.378532
 65.386612
 65.392296
 65.397827
 65.424301
 65.445992
 65.451424
 65.457741
 65.482117
 65.488358
 65.510483
 65.512756
 65.522270
 65.523178
 65.524475
 65.534668
 65.565285
 65.584190
 65.597946
 65.615845
 65.655777
 65.669579
 65.681351
 65.682884
 65.696014
 65.707169
 65.709244
 65.711380
 65.712906
 65.713150
 65.721542
 65.722534
 65.724831
 65.736435
 65.742348
 65.754585
 65.754852
 65.786636
 65.788216
 65.789490
 65.791428
 65.792007
 65.800354
 65.806999
 65.811020
 65.816628
 65.826897
 65.833649
 65.846725
 65.856453
 65.857948
 65.862556
 65.864731
 65.875771
 65.894409
 65.905960
 65.911346
 65.915588
 65.918892
 65.922905
 65.949791
 65.956810
 65.961227
 65.970459
 65.981789
 65.998428
 65.999382
 66.010399
 66.015152
 66.015182
 66.034897
 66.041336
 66.065025
 66.066727
 66.105949
 66.127472
 66.140663
 66.172203
 66.176247
 66.176926
 66.177811
 66.191795
 66.195023
 66.206200
 66.229416
 66.231964
 66.234207
 66.250641
 66.263855
 66.302017
 66.317490
 66.321312
 66.336380
 66.355667
 66.360741
 66.410156
 66.425880
 66.436905
 66.439949
 66.448807
 66.449081
 66.449150
 66.459862
 66.476868
 66.480576
 66.500854
 66.501541
 66.516289
 66.538437
 66.542328
 66.551010
 66.552010
 66.558823
 66.564346
 66.569244
 66.569260
 66.592796
 66.613724
 66.616943
 66.619400
 66.633270
 66.658020
 66.667999
 66.675949
 66.690529
 66.693680
 66.728020
 66.750496
 66.758530
 66.789864
 66.804131
 66.816002
 66.825790
 66.838066
 66.847656
 66.865395
 66.870384
 66.871246
 66.877777
 66.883987
 66.886024
 66.887238
 66.896774
 66.911903
 66.915703
 66.916000
 66.927277
 66.954826
 66.960541
 66.963028
 66.975616
 66.996651
 67.018005
 67.019882
 67.048180
 67.055992
 67.057808
 67.087082
 67.092590
 67.093758
 67.097290
 67.111671
 67.111679
 67.130844
 67.145050
 67.175507
 67.178574
 67.196701
 67.205887
 67.224548
 67.228493
 67.243546
 67.246399
 67.253326
 67.255455
 67.267387
 67.276093
 67.279144
 67.290108
 67.292679
 67.299057
 67.345451
 67.390587
 67.394699
 67.400398
 67.402863
 67.410889
 67.413177
 67.415733
 67.429871
 67.432991
 67.443497
 67.452682
 67.456261
 67.466820
 67.488991
 67.495193
 67.501930
 67.508904
 67.510666
 67.541260
 67.552811
 67.556221
 67.571129
 67.574844
 67.575668
 67.586555
 67.596375
 67.626488
 67.628693
 67.637413
 67.684059
 67.726509
 67.737167
 67.742859
 67.742981
 67.744095
 67.744423
 67.754868
 67.761925
 67.830650
 67.844437
 67.846992
 67.866905
 67.868904
 67.882126
 67.884460
 67.891876
 67.894547
 67.907143
 67.912430
 67.912582
 67.917130
 67.920555
 67.924873
 67.929779
 67.948730
 67.984360
 67.985847
 68.013809
 68.031143
 68.033737
 68.036987
 68.059441
 68.064621
 68.070663
 68.092903
 68.093071
 68.099304
 68.102814
 68.119232
 68.130859
 68.143456
 68.149017
 68.154663
 68.182449
 68.183472
 68.192276
 68.219109
 68.256149
 68.272293
 68.285080
 68.293098
 68.297249
 68.321922
 68.338829
 68.350853
 68.352554
 68.357941
 68.368065
 68.399811
 68.475479
 68.502182
 68.507355
 68.523636
 68.527817
 68.544884
 68.557571
 68.601967
 68.605110
 68.622849
 68.639473
 68.645721
 68.655746
 68.659424
 68.672318
 68.690163
 68.717552
 68.726334
 68.733574
 68.744385
 68.783119
 68.810257
 68.813522
 68.818108
 68.825729
 68.826225
 68.832176
 68.835411
 68.869743
 68.897812
 68.928032
 68.931686
 68.968735
 68.996506
 69.014816
 69.025436
 69.034401
 69.065453
 69.068993
 69.070602
 69.081734
 69.101669
 69.130630
 69.164146
 69.200211
 69.222572
 69.241699
 69.255478
 69.269363
 69.305038
 69.337181
 69.338936
 69.350571
 69.379868
 69.398056
 69.400764
 69.409142
 69.417496
 69.426781
 69.429214
 69.433685
 69.448105
 69.489517
 69.528679
 69.541641
 69.543045
 69.558090
 69.579437
 69.620529
 69.661446
 69.681694
 69.685562
 69.721542
 69.725471
 69.726219
 69.732010
 69.750183
 69.755898
 69.764496
 69.822639
 69.823875
 69.841705
 69.842026
 69.844673
 69.888763
 69.889328
 69.894760
 69.897247
 69.945633
 69.953758
 69.955887
 69.986031
 70.004402
 70.028107
 70.052841
 70.060204
 70.074951
 70.112335
 70.117180
 70.122520
 70.127907
 70.131126
 70.132332
 70.153946
 70.167442
 70.168137
 70.214539
 70.264740
 70.377113
 70.389839
 70.393234
 70.395142
 70.403412
 70.409332
 70.411514
 70.454041
 70.472466
 70.519745
 70.529350
 70.546806
 70.547142
 70.615570
 70.646591
 70.649673
 70.658501
 70.742783
 70.789955
 70.868179
 70.879501
 70.961205
 70.968719
 71.056824
 71.089935
 71.095764
 71.097664
 71.112740
 71.134666
 71.162910
 71.206284
 71.258545
 71.294563
 71.304321
 71.366005
 71.368973
 71.376274
 71.378220
 71.385536
 71.456383
 71.498734
 71.500671
 71.547668
 71.557220
 71.568970
 71.580383
 71.589745
 71.637909
 71.654282
 71.698341
 71.791336
 71.802147
 71.824165
 71.838669
 71.871086
 71.883179
 71.933601
 71.936317
 71.959877
 71.962280
 71.979599
 72.016815
 72.024017
 72.054443
 72.060814
 72.113678
 72.169662
 72.184799
 72.200851
 72.218277
 72.238960
 72.242241
 72.255516
 72.308975
 72.354218
 72.448334
 72.455231
 72.460014
 72.469894
 72.506058
 72.508553
 72.514404
 72.537376
 72.584648
 72.592926
 72.674011
 72.766319
 72.796059
 72.813492
 72.850075
 72.927383
 73.022453
 73.023056
 73.027153
 73.074478
 73.076736
 73.083809
 73.104828
 73.115631
 73.158035
 73.219940
 73.293533
 73.298271
 73.304802
 73.319275
 73.371307
 73.372665
 73.377762
 73.380264
 73.384804
 73.420494
 73.494507
 73.673752
 73.700844
 73.753372
 73.782425
 73.790680
 73.791435
 73.847954
 73.873283
 74.086472
 74.108459
 74.108994
 74.138474
 74.202286
 74.348450
 74.359962
 74.367714
 74.524406
 74.563248
 74.566711
 74.599609
 74.683022
 74.718422
 74.745422
 74.753761
 74.799622
 74.864731
 74.887321
 74.960777
 74.993622
 75.048271
 75.134476
 75.187599
 75.189316
 75.222000
 75.281242
 75.353516
 75.354446
 75.392456
 75.482376
 75.527985
 75.826553
 75.862465
 75.923149
 76.095894
 76.112717
 76.162155
 76.223747
 76.315392
 76.427170
 76.544891
 76.569023
 76.616150
 76.648163
 76.688705
 76.714020
 76.846695
 76.955444
 77.073380
 77.145294
 77.198578
 77.266235
 77.286636
 77.422989
 77.449753
 77.515335
 77.638054
 77.733414
 77.740059
 77.821014
 77.897034
 78.199440
 78.206978
 78.211067
 78.539574
 78.798462
 79.425194
 79.580505
 79.841354
 80.587364
 80.996651
 81.609039
 81.756859
 83.359825
 83.553223
 83.557030
 83.729477
 85.729256
 87.390091
 92.042053
