 0.072189
 0.072141
 0.071794
 0.070701
 0.070673
 0.070523
 0.070286
 0.069907
 0.069151
 0.068522
 0.068287
 0.067755
 0.067397
 0.066405
 0.065998
 0.063837
 0.061578
 0.060773
 0.058127
 0.057878
 0.057760
 0.057491
 0.056783
 0.051765
 0.051425
 0.045832
 0.045755
 0.044257
 0.042255
 0.040349
 0.039408
 0.037791
 0.037286
 0.037135
 0.037093
 0.034038
 0.033161
 0.032966
 0.031854
 0.031692
 0.030092
 0.028283
 0.025429
 0.024833
 0.024174
 0.018662
 0.017133
 0.012647
 0.007291
 0.006767
 0.005413
 0.004986
 0.004940
 0.004500
 0.004109
