 50.978222
 51.043690
 51.432983
 52.263237
 52.280754
 52.371666
 52.509872
 52.716526
 53.091351
 53.373764
 53.474331
 53.692352
 53.833157
 54.202225
 54.346264
 55.054329
 55.723118
 55.948509
 56.654877
 56.719101
 56.749516
 56.818264
 56.997692
 58.214130
 58.293892
 59.582073
 59.599590
 59.940430
 60.395744
 60.830471
 61.046352
 61.419174
 61.536518
 61.571480
 61.581337
 62.301064
 62.511589
 62.558693
 62.828842
 62.868690
 63.264984
 63.724594
 64.478836
 64.641670
 64.824120
 66.477722
 66.988770
 68.690300
 71.435783
 71.780998
 72.782822
 73.140755
 73.180672
 73.579475
 73.962372
